_date_	ex_rate_npr_per_usd	exports_india_npr_mn	exports_row_npr_mn	exports_total_npr_mn	gdp_npr_mn	gdp_usd_mn	imports_india_npr_mn	imports_total_npr_mn	imports_row_npr_mn	india_real_gdp_usd	ln_export_india	ln_export_row	ln_import_india	ln_india_tbr	ln_import_row	ln_india_gdp	ln_nepal_gdp	ln_reer	ln_reer_neg	ln_row_gdp	ln_reer_pos	ln_row_tbr	ln_total_exports	ln_total_tbr	ln_total_imports	nepal_real_gdp_usd	reer	world_gdp_usd	year
1980-01-01	12.00	992.40	616.30	1608.70	62377751809.38	5198145984.11	2179.00	4428.20	2249.20	186328579302.07	3.00	2.79	3.34	-0.34157047464608396	3.35	11.27	9.29	2.09	NA	13.94	NA	-0.56223590710669	3.21	-0.43975216577727496	3.65	1945916583.33	124.26	86596043570028.704	1980
1981-01-01	13.00	994.40	497.10	1491.50	73213061709.12	5631773977.62	2280.90	4930.30	2649.40	193491368445.57	3.00	2.70	3.36	-0.360545129572828	3.42	11.29	9.36	2.13	0	13.95	0.040000000000000032	-0.72670376883824496	3.17	-0.519250088431194	3.69	2275583316.67	135.89	89727465340452.704	1981
1982-01-01	13.88	843.30	288.70	1132.00	81094099945.39	5844619815.88	2499.60	6314.00	3814.40	200715624830.9	2.93	2.46	3.40	-0.471888415668268	3.58	11.30	9.38	2.15	0	13.95	0.060000000000000056	-1.1209794498434	3.05	-0.74645815070394608	3.80	2395423741.8	141.19	88426908804769.792	1982
1983-01-01	15.50	1160.70	543.20	1703.90	87894327328.84	5670601763.15	3058.00	6514.30	3456.30	218262146413.16	3.06	2.73	3.49	-0.420717496635394	3.54	11.34	9.39	2.16	0	13.95	0.070000000000000288	-0.803651670072032	3.23	-0.582423652131882	3.81	2447174803.38	145.04	89028221792132.4	1983
1984-01-01	17.93	1601.70	1138.90	2740.60	111537802992.45	6219580092.5200008	3895.80	7742.10	3846.30	212157645177.65	3.20	3.06	3.59	-0.386015477678828	3.59	11.33	9.41	2.14	-0.020000000000000016	13.96	0.070000000000000288	-0.52855756195482592	3.44	-0.45101312314618904	3.89	2581207387.8	139.31	91790205141054	1984
1985-01-01	19.95	1241.10	1836.90	3078.10	131677752173.29	6601767395.36	3970.90	9341.20	5370.30	232511554840.37	3.09	3.26	3.60	-0.50508217465821904	3.73	11.37	9.42	2.12	-0.040000000000000032	13.98	0.070000000000000288	-0.46591303312802704	3.49	-0.482119945753632	3.97	2619913955.52	131.51	95887226318142.592	1985
1986-01-01	21.69	1302.60	1688.80	2991.40	149741501722.44	6903181024.47	4262.00	10905.20	6643.20	248985994040.59	3.11	3.23	3.63	-0.51480237154011896	3.82	11.40	9.45	2.06	-0.10000000000000008	14.05	0.070000000000000288	-0.594799107196726	3.48	-0.56175914557463904	4.04	2850782044.04	116.05	111718886113743	1986
1987-01-01	22.21	1567.60	2546.90	4114.50	155907666165.49	7020232622.84	4595.70	13869.60	9273.90	279033584092.21996	3.20	3.41	3.66	-0.46711641608116	3.97	11.45	9.47	2.07	-0.10000000000000008	14.10	0.080000000000000064	-0.56125051519688296	3.61	-0.52774686951777808	4.14	2957255379.54	116.37	126658274533146	1987
1988-01-01	25.63	1034.90	3160.40	4195.30	193739516533.74	7560566498.88	4238.70	16263.70	12025.00	296589670895.93	3.01	3.50	3.63	-0.61233429290223896	4.08	11.47	9.54	2.06	-0.10999999999999988	14.15	0.080000000000000064	-0.58034303192148696	3.62	-0.58845633265098992	4.21	3487009748.36	115.41	142121816259105	1988
1989-01-01	28.64	602.50	4553.70	5156.20	225922957943.31	7887912410.01	4674.50	18324.90	13650.40	296042052944.65996	2.78	3.66	3.67	-0.88977811286988	4.14	11.47	9.55	2.04	-0.1299999999999999	14.17	0.080000000000000064	-0.47678096208146096	3.71	-0.55071185881730304	4.26	3525225786.59	108.84	148372431107530	1989
1990-01-01	31.95	1552.20	5835.30	7387.50	263734354217.25	8253520017.23	7323.10	23226.50	15903.40	320979026420.03004	3.19	3.77	3.86	-0.673747285550342	4.20	11.51	9.56	2.00	-0.16999999999999992	14.23	0.080000000000000064	-0.435426793822462	3.87	-0.49748627702984	4.37	3627560239.49	100.81	169157900169268	1990
1991-01-01	42.69	1450.00	12256.50	13706.50	374751223292	8779116585.01	11245.50	31940.00	20694.50	270105341879.23	3.16	4.09	4.05	-0.88961076766681904	4.32	11.43	9.59	1.94	-0.23	14.24	0.080000000000000064	-0.227488468316174	4.14	-0.36740834138513	4.50	3921476084.89	86.20	174935488478449	1991
1992-01-01	45.65	1621.70	15644.80	17266.50	417254246658.28	9139622809.4	12542.10	39205.60	26663.50	288208070278.01	3.21	4.19	4.10	-0.88839974243729504	4.43	11.46	9.53	1.94	-0.23	14.27	0.080000000000000064	-0.231547141156456	4.24	-0.356143791684486	4.59	3401211581.29	87.89	186379264497973	1992
1993-01-01	49.25	2408.90	16884.50	19293.40	467483299087.62	9491484580.53	17035.40	51570.80	34535.40	279295648982.53004	3.38	4.23	4.23	-0.849533563856868	4.54	11.45	9.56	1.94	-0.23	14.28	0.080000000000000064	-0.31077628609095696	4.29	-0.426995100122434	4.71	3660041666.67	86.81	189283186186795	1993
1994-01-01	49.94	3124.30	14514.90	17639.20	512953261861.2	10271305209.27	19615.90	63679.50	44063.60	327274843459.43	3.49	4.16	4.29	-0.797855510032896	4.64	11.51	9.61	1.95	-0.23	14.31	0.09000000000000008	-0.48226592804343696	4.25	-0.55752076028640992	4.80	4066775510.2	88.71	203969325016085	1994
1995-01-01	55.21	3682.60	16198.50	19881.10	586729902010.19992	10627560489.24	24398.60	74454.50	50055.90	360281909643.49	3.57	4.21	4.39	-0.82121035826481696	4.70	11.56	9.64	1.93	-0.25	14.36	0.09000000000000008	-0.48998047412256504	4.30	-0.573450541689794	4.87	4401104417.67	84.62	229448100963817	1995
1996-01-01	57.02	5226.20	17410.30	22636.50	638309334739.59	11193827112.99	24853.30	93553.40	68700.10	392896866204.52	3.72	4.24	4.40	-0.67719803654482504	4.84	11.59	9.66	1.92	-0.26	14.37	0.09000000000000008	-0.59615111463203992	4.35	-0.61625029747368296	4.97	4521580381.47	82.82	236812199296213	1996
1997-01-01	61.95	8794.40	18719.10	27513.50	728495994002.92	11758960072.9	27331.00	89002.00	61671.00	415867563592.83	3.94	4.27	4.44	-0.49244930720092504	4.79	11.62	9.69	1.95	-0.26	14.37	0.1200000000000001	-0.51779602624400904	4.44	-0.50985392533582696	4.95	4918691916.54	89.79	236697880030894	1997
1998-01-01	67.95	12530.70	23145.60	35676.30	823168358677.89008	12113656106.95	32119.70	87525.30	55405.60	421351317224.94	4.10	4.36	4.51	-0.40879614771003904	4.74	11.62	9.69	1.95	-0.26	14.37	0.1200000000000001	-0.37908521889601896	4.55	-0.389753800793074	4.94	4856255044.39	88.60	235834271191147	1998
1999-01-01	69.07	21220.70	28602.00	49822.70	873551825892	12648180059.61	39660.10	108504.90	68844.80	458821052615.79	4.33	4.46	4.60	-0.27159409918628404	4.84	11.66	9.70	1.97	-0.26	14.38	0.14000000000000012	-0.381474740298348	4.70	-0.338022091844233	5.04	5033642384.11	94.30	240318709804725	1999
2000-01-01	73.83	26030.20	29623.90	55654.10	991716004949.55008	13432367221.02	54700.90	115687.20	60986.30	468395521654.46	4.42	4.47	4.74	-0.32251696691473604	4.79	11.67	9.74	1.98	-0.26	14.40	0.15000000000000014	-0.31359005277068104	4.75	-0.3177881458554	5.06	5494252207.91	95.86	248423861993192	2000
2001-01-01	76.88	27956.20	18988.60	46944.80	1082284454167.81	14077106359.82	56622.10	107388.90	50766.90	485440139204.17	4.45	4.28	4.75	-0.306507833661593	4.71	11.69	9.78	1.97	-0.27	14.39	0.15000000000000014	-0.42708769865310096	4.67	-0.35937190069509	5.03	6007055042.18	94.39	247626657209701	2001
2002-01-01	77.79	26430.00	23500.60	49930.60	1096342233077.02	14094019042.68	70924.20	124352.10	53427.90	514939140318.76	4.42	4.37	4.85	-0.428697282674988	4.73	11.71	9.78	1.96	-0.28000000000000004	14.41	0.15000000000000014	-0.35668915394059096	4.70	-0.396286338965694	5.09	6050875806.66	91.00	257497927922825	2002
2003-01-01	73.79	30777.10	23133.60	53910.70	1081036863104.33	14650033415.89	78739.50	136277.10	57537.60	607700687237.31992	4.49	4.36	4.90	-0.407964957035866	4.76	11.78	9.80	1.95	-0.29000000000000004	14.46	0.15000000000000014	-0.39570852072107696	4.73	-0.40274791219942704	5.13	6330473096.54	88.52	290491788041415	2003
2004-01-01	72.06	38916.90	19788.80	58705.70	1105046193898.55	15336036356.97	88675.50	149473.60	60798.10	709152728830.78	4.59	4.30	4.95	-0.35766540751832	4.78	11.85	9.86	1.95	-0.29000000000000004	14.52	0.15000000000000014	-0.48747054812793896	4.77	-0.405884223525106	5.17	7273938314.72	88.64	329872959481752	2004
2005-01-01	72.32	40714.70	19519.40	60234.10	1147763849412.84	15869604827.46	107143.10	173780.30	66637.20	820383763511.44992	4.61	4.29	5.03	-0.42021296866855	4.82	11.91	9.91	1.96	-0.29000000000000004	14.56	0.16000000000000014	-0.53325027643818504	4.78	-0.46015811699036304	5.24	8130258377.91	91.88	360958631392670	2005
2006-01-01	70.49	41728.80	17654.30	59383.10	1156351515984.3702	16403555897.11	115872.30	194694.60	78822.30	940259888787.72	4.62	4.25	5.06	-0.443543731717698	4.90	11.97	9.96	1.97	-0.29000000000000004	14.60	0.17000000000000016	-0.649798600944226	4.77	-0.51569104070317392	5.29	9043715355.89	93.97	396014914684359.04	2006
2007-01-01	65.02	38555.70	20710.80	59266.50	1102892176582.98	16963173094.57	142376.50	221937.80	79561.30	1216736438834.96	4.59	4.32	5.15	-0.56734972020919608	4.90	12.09	10.01	2.00	-0.29000000000000004	14.66	0.20000000000000016	-0.58450499591669904	4.77	-0.57342199608275504	5.35	10325618017.38	100.00	453216609915748.96	2007
2008-01-01	76.88	41005.90	26691.60	67697.50	1383714250629.3798	17998713599.32	162437.60	284469.60	122032.00	1198895139005.92	4.61	4.43	5.21	-0.597840215947278	5.09	12.08	10.10	1.98	-0.31000000000000004	14.70	0.20000000000000016	-0.66009912114907696	4.83	-0.623463231165898	5.45	12545438605.4	95.64	505796145541448	2008
2009-01-01	74.54	39993.70	20830.30	60824.00	1402440988865.01	18814609456.2	217114.30	374335.20	157220.90	1341888016994.9	4.60	4.32	5.34	-0.73469684417581104	5.20	12.13	10.11	2.00	-0.31000000000000004	14.68	0.2200000000000002	-0.87781475329105296	4.78	-0.78918568972920208	5.57	12854985464.08	99.33	480877658991131.04	2009
2010-01-01	72.27	43360.40	20978.10	64338.50	1425294197984.81	19720799061.81	261925.20	396175.50	134250.30	1675615519484.96	4.64	4.32	5.42	-0.78108400428164208	5.13	12.22	10.20	2.04	-0.31000000000000004	14.73	0.26000000000000024	-0.80614911355262704	4.81	-0.78941668324630592	5.60	16002656434.47	108.60	533424637551511.04	2010
2011-01-01	81.02	49616.30	24644.70	74261.00	1652446405133.17	20395607080.05	299389.60	461667.70	162278.10	1823051829894.55	4.70	4.39	5.48	-0.78061233521217392	5.21	12.26	10.33	2.04	-0.31000000000000004	14.78	0.26000000000000024	-0.818536378358776	4.87	-0.79356869759974304	5.66	21573872420.7	110.15	599280313343111.04	2011
2012-01-01	87.96	51000.01	23831.59	76917.06	1877690501967.56	21348110877.04	367031.19	556740.24	127257.68	1827637590410.41	4.71	4.38	5.56	-0.85713271054422704	5.10	12.26	10.34	2.02	-0.33000000000000008	14.79	0.26000000000000024	-0.72753098282348304	4.89	-0.859629936472384	5.75	21703100877.13	105.36	614818458600368	2012
2013-01-01	98.25	59613.71	29537.04	91991.41	2171459064194.16	22100664484.64	477947.04	714365.85	163100.21	1856721507621.58	4.78	4.47	5.68	-0.90403362574225296	5.21	12.27	10.35	2.02	-0.33000000000000008	14.80	0.26000000000000024	-0.74208754908154	4.96	-0.89017340952132288	5.85	22162204924.57	105.38	636468421974562	2013
2014-01-01	99.49	55864.57	27224.56	85319.08	2330958332698.69	23429242138.21	491655.91	774684.10	182861.89	2039126479154.52	4.75	4.43	5.69	-0.94452480374124	5.26	12.31	10.36	2.04	-0.33000000000000008	14.82	0.28000000000000024	-0.82716233470878896	4.93	-0.95807847860019296	5.89	22731612922.19	108.96	654574303585806	2014
2015-01-01	106.35	39493.74	28941.90	70117.17	2590816308585.89	24360801286.76	477212.59	773599.15	180692.14	2103588360044.94	4.60	4.46	5.68	-1.08218363012528	5.26	12.32	10.39	2.08	-0.33000000000000008	14.79	0.32000000000000028	-0.79541222280621808	4.85	-1.04269160467938	5.89	24360801286.76	120.05	616925266146656	2015
2016-01-01	106.21	41449.21	29898.37	73049.14	2598628114440.82	24466311259.29	633669.61	990113.20	229198.62	2294796885663.16	4.62	4.48	5.80	-1.18434662186358	5.36	12.36	10.39	2.10	-0.33000000000000008	14.80	0.34000000000000032	-0.884564486331816	4.86	-1.13206974308505	6.00	24524109483.53	125.88	625119476152724.96	2016
2017-01-01	104.37	46719.76	32202.30	81359.80	2782868171025.81	26662720369.25	814101.62	1245103.22	271014.52	2651474262755.45	4.67	4.51	5.91	-1.24117801582258	5.43	12.42	10.46	2.12	-0.33000000000000008	14.83	0.36000000000000032	-0.92510566783852192	4.91	-1.18479548393953	6.10	28971588940.36	130.68	669471382029654	2017
2018-01-01	112.88	62731.84	32267.88	97109.52	3239092841687.7204	28695053195.35	917922.21	1418535.34	295094.49	2702929641648.7404	4.80	4.51	5.96	-1.16531785205053	5.47	12.43	10.52	2.11	-0.34000000000000032	14.85	0.36000000000000032	-0.96119066724555808	4.99	-1.1645783523888	6.15	33111525237.15	127.55	713148830827880.96	2018
2019-01-01	116.31	70108.89	26409.04	97709.11	3559727587583.7204	30605298792.54	735294.82	1196799.06	279583.93	2835606256558.19	4.85	4.42	5.87	-1.02068841527493	5.45	12.45	10.53	2.11	-0.34000000000000032	14.86	0.36000000000000032	-1.02475959092335	4.99	-1.08808618195568	6.08	34186180699.03	129.52	726437927373382.08	2019
2020-01-01	117.87	106372.05	33735.97	141124.08	3521963770598.25	29880069318.73	971603.95	1539837.07	334310.06	2674851578587.27	5.03	4.53	5.99	-0.96066174269956496	5.52	12.43	10.52	2.11	-0.34000000000000032	14.85	0.36000000000000032	-0.99605624369608896	5.15	-1.0378736468743	6.19	33433659301.25	129.44	704331872491144	2020
2021-01-01	120.84	155222.30	43999.90	200030.96	3785407586970.6096	31325711777.17	1200152.73	1920448.35	455511.91	3167270623260.4704	5.19	4.64	6.08	-0.88828240307219696	5.66	12.50	10.57	2.10	-0.35000000000000008	14.91	0.36000000000000032	-1.0150480472457998	5.30	-0.98230541216501904	6.28	36924841394.26	127.29	809319614816406.08	2021
2022-01-01	130.75	106686.40	48688.50	157140.70	4326322103151.6	33089761144.51	1027847.54	1611731.77	361168.30	3346107287730.93	5.03	4.69	6.01	-0.98381964015176208	5.56	12.52	10.61	2.11	-0.35000000000000008	14.93	0.37000000000000008	-0.87028323001117904	5.20	-1.0110040832620998	6.21	41182939600.62	127.77	843623399628272.96	2022
2023-01-01	133.03	103177.05	46615.14	152380.80	4489201337775.1696	33745781686.65	996682.16	1592985.53	297528.72	3638489096033.86	5.01	4.67	6.00	-0.98497357819755408	5.47	12.56	10.61	2.10	-0.35999999999999988	14.94	0.37000000000000008	-0.80500190099896192	5.18	-1.01928158158223	6.20	41047772331.1	125.67	879089815386945.92	2023
2024-01-01	136.29	224684.40	49715.78	277030.20	4767790942548.5896	34982690898.440004	1071198.94	1804122.73	391819.20	3909891533858.08	5.35	4.70	6.03	-0.67829721416340408	5.59	12.59	10.63	2.11	-0.35999999999999988	14.96	0.37999999999999992	-0.89659145603205104	5.44	-0.813738962631612	6.26	42914268286.71	127.83	912959509744112	2024
